	FIRST(Real.T) = -3.4028235e38
	LAST(Real.T) = 3.4028235e38
