INTERFACE Ext;

CONST
  BitSize = 128;
  BitAlign = 128;
  ByteSize = 16;
  Min = -1.1897314953572317650857593266280070X+4932;
  Max = 1.1897314953572317650857593266280070X+4932;

END Ext.
