INTERFACE Ext;

CONST
  BitSize = 64;
  BitAlign = 64;
  ByteSize = 8;
  Min = -1.79769313486231570x+308;
  Max = 1.79769313486231570x+308;

END Ext.
