Solution found:
  a = 6.2831855
  b = 2.5066283

